{
  "advancedEditorSelectedIdentifier" : "ProjectBrowser",
  "openSceneRelativePaths" : [
    "Materials\/GridMaterial.usda"
  ],
  "recentIdentifiers" : {
    "6791CE00-93F7-4C69-86B6-8A619820E471" : [

    ],
    "ECC86263-CF70-4E2E-8FA0-E9CC5F9A42F2" : [

    ]
  },
  "sceneCameraHistory" : {
    "26DBAE76-5DD8-47B6-A085-1B4ADA111097" : [
      {
        "date" : 741613260.464615,
        "title" : "Untitled",
        "transform" : [
          0.6952749,
          -4.3508564e-08,
          -0.718744,
          0,
          0.0015186395,
          0.9999978,
          0.0014690171,
          0,
          0.7187423,
          -0.0021129032,
          0.69527334,
          0,
          0.28772688,
          -0.006309909,
          0.27091408,
          1
        ]
      },
      {
        "date" : 741613254.083111,
        "title" : "Untitled",
        "transform" : [
          0.6952749,
          -4.3508564e-08,
          -0.718744,
          0,
          0.0015186395,
          0.9999978,
          0.0014690171,
          0,
          0.7187423,
          -0.0021129032,
          0.69527334,
          0,
          0.29840082,
          -0.0063412874,
          0.28123948,
          1
        ]
      },
      {
        "date" : 741613245.148512,
        "title" : "Untitled",
        "transform" : [
          0.6952749,
          -4.3508564e-08,
          -0.718744,
          0,
          0.0015186395,
          0.9999978,
          0.0014690171,
          0,
          0.71874243,
          -0.0021129036,
          0.69527346,
          0,
          0.27989388,
          -0.0008228254,
          0.27095455,
          1
        ]
      },
      {
        "date" : 741613219.84288,
        "title" : "Untitled",
        "transform" : [
          0.99999994,
          0,
          -0,
          0,
          -0,
          0.8660254,
          -0.49999994,
          0,
          0,
          0.49999994,
          0.8660254,
          0,
          0,
          0.19471085,
          0.33744913,
          1
        ]
      }
    ],
    "6791CE00-93F7-4C69-86B6-8A619820E471" : [
      {
        "date" : 741863075.657895,
        "title" : "Untitled",
        "transform" : [
          0.9999573,
          0,
          0.009231435,
          0,
          0.004615717,
          0.8660254,
          -0.49997857,
          0,
          -0.007994658,
          0.49999988,
          0.8659885,
          0,
          0.04631485,
          0.57389945,
          1.0151433,
          1
        ]
      },
      {
        "date" : 741863034.486787,
        "title" : "Untitled",
        "transform" : [
          0.9999573,
          0,
          0.009231435,
          0,
          0.004615717,
          0.8660254,
          -0.49997857,
          0,
          -0.007994658,
          0.49999988,
          0.8659885,
          0,
          0.066771284,
          0.82921356,
          1.4774189,
          1
        ]
      },
      {
        "date" : 741863024.25075,
        "title" : "Untitled",
        "transform" : [
          0.9999573,
          0,
          0.009231435,
          0,
          0.004615717,
          0.8660254,
          -0.49997857,
          0,
          -0.007994658,
          0.49999988,
          0.8659885,
          0,
          0.36578226,
          5.1066756,
          7.826712,
          1
        ]
      },
      {
        "date" : 741863016.306619,
        "title" : "Untitled",
        "transform" : [
          0.9999573,
          0,
          0.009231435,
          0,
          0.004615717,
          0.8660254,
          -0.49997857,
          0,
          -0.007994658,
          0.49999988,
          0.8659885,
          0,
          0.54724926,
          5.283162,
          5.6693273,
          1
        ]
      },
      {
        "date" : 741863013.994315,
        "title" : "Untitled",
        "transform" : [
          0.99999994,
          0,
          0,
          0,
          0,
          0.8660254,
          -0.49999988,
          0,
          0,
          0.49999988,
          0.8660254,
          0,
          1.4442652,
          12.887033,
          13.461428,
          1
        ]
      },
      {
        "date" : 741862376.4972,
        "title" : "Untitled",
        "transform" : [
          0.99999994,
          0,
          0,
          0,
          0,
          0.8660254,
          -0.49999988,
          0,
          0,
          0.49999988,
          0.8660254,
          0,
          1.4442652,
          12.343826,
          12.520608,
          1
        ]
      },
      {
        "date" : 741861826.303015,
        "title" : "Untitled",
        "transform" : [
          0.99999994,
          0,
          0,
          0,
          0,
          0.8660254,
          -0.49999988,
          0,
          0,
          0.49999988,
          0.8660254,
          0,
          3.6168547,
          31.189276,
          31.003428,
          1
        ]
      },
      {
        "date" : 741861821.57114,
        "title" : "Untitled",
        "transform" : [
          0.99999994,
          0,
          0,
          0,
          0,
          0.8660254,
          -0.49999988,
          0,
          0,
          0.49999988,
          0.8660254,
          0,
          3.7106743,
          17.602867,
          38.847538,
          1
        ]
      },
      {
        "date" : 741861749.648142,
        "title" : "Untitled",
        "transform" : [
          0.99999994,
          0,
          0,
          0,
          0,
          0.8660254,
          -0.49999988,
          0,
          0,
          0.49999988,
          0.8660254,
          0,
          4.561596,
          28.489832,
          32.561947,
          1
        ]
      },
      {
        "date" : 741861737.354204,
        "title" : "Untitled",
        "transform" : [
          0.99999994,
          0,
          0,
          0,
          0,
          0.8660254,
          -0.49999988,
          0,
          0,
          0.49999988,
          0.8660254,
          0,
          11.233665,
          73.36221,
          87.63381,
          1
        ]
      }
    ],
    "ECC86263-CF70-4E2E-8FA0-E9CC5F9A42F2" : [
      {
        "date" : 741677573.357177,
        "title" : "Untitled",
        "transform" : [
          0.99999994,
          0,
          0,
          0,
          0,
          0.8660185,
          -0.50001186,
          0,
          0,
          0.50001186,
          0.8660185,
          0,
          0.06290689,
          0.19697596,
          0.34682807,
          1
        ]
      },
      {
        "date" : 741677571.323247,
        "title" : "Untitled",
        "transform" : [
          0.99999994,
          0,
          0,
          0,
          0,
          0.8660185,
          -0.50001186,
          0,
          0,
          0.50001186,
          0.8660185,
          0,
          0.048328646,
          0.12485297,
          0.28749585,
          1
        ]
      },
      {
        "date" : 741677568.656041,
        "title" : "Untitled",
        "transform" : [
          0.99999994,
          0,
          0,
          0,
          0,
          0.8660185,
          -0.50001186,
          0,
          0,
          0.50001186,
          0.8660185,
          0,
          0.0409495,
          0.16532612,
          0.26412794,
          1
        ]
      },
      {
        "date" : 741677558.406391,
        "title" : "Untitled",
        "transform" : [
          0.99999994,
          0,
          0,
          0,
          0,
          0.8660185,
          -0.50001186,
          0,
          0,
          0.50001186,
          0.8660185,
          0,
          0.12654792,
          0.17469871,
          0.25871646,
          1
        ]
      },
      {
        "date" : 741677540.607348,
        "title" : "Untitled",
        "transform" : [
          0.99999994,
          0,
          0,
          0,
          0,
          0.8660185,
          -0.50001186,
          0,
          0,
          0.50001186,
          0.8660185,
          0,
          0.36859095,
          0.7472191,
          1.963726,
          1
        ]
      },
      {
        "date" : 741677538.302299,
        "title" : "Untitled",
        "transform" : [
          0.99999994,
          0,
          0,
          0,
          0,
          0.8660185,
          -0.50001186,
          0,
          0,
          0.50001186,
          0.8660185,
          0,
          -0.41023773,
          0.78715754,
          1.940667,
          1
        ]
      },
      {
        "date" : 741677531.374239,
        "title" : "Untitled",
        "transform" : [
          0.99999994,
          0,
          0,
          0,
          0,
          0.8660185,
          -0.50001186,
          0,
          0,
          0.50001186,
          0.8660185,
          0,
          -0.41023773,
          0.75648797,
          1.9663429,
          1
        ]
      },
      {
        "date" : 741677112.055494,
        "title" : "Untitled",
        "transform" : [
          0.99999994,
          0,
          0,
          0,
          0,
          0.8660185,
          -0.50001186,
          0,
          0,
          0.50001186,
          0.8660185,
          0,
          0,
          0.2571092,
          0.44532523,
          1
        ]
      },
      {
        "date" : 741677110.024013,
        "title" : "Untitled",
        "transform" : [
          0.99999994,
          0,
          0,
          0,
          0,
          0.8660185,
          -0.50001186,
          0,
          0,
          0.50001186,
          0.8660185,
          0,
          0,
          0.14640005,
          0.2535775,
          1
        ]
      },
      {
        "date" : 741677097.737313,
        "title" : "Untitled",
        "transform" : [
          0.99999994,
          0,
          0,
          0,
          0,
          0.8660185,
          -0.50001186,
          0,
          0,
          0.50001186,
          0.8660185,
          0,
          0,
          0.78486747,
          1.3594579,
          1
        ]
      }
    ]
  }
}